time,tweet
2009-11-19 01:17:42,Just voted Internet Killed Television for Best Online Video Web Series http://mashable.com/owa #openwebawards
2009-11-19 01:17:07,Just voted Pet Society for Best Facebook App http://mashable.com/owa #openwebawards
2009-11-13 03:55:21,Just nominated Pet Society for Best Facebook App http://mashable.com/owa #openwebawards
2009-11-13 03:55:09,Just nominated Internet Killed Television for Best Online Video Web Series http://mashable.com/owa #openwebawards
2009-11-12 01:40:33,Just nominated pet society for Best Facebook App http://mashable.com/owa #openwebawards
