time,tweet
2009-11-22 00:34:06,WordPress Theme Releases for 11/21    [ weblogtoolscollection.com ]      [shared by 9 people]        .. http://bit.ly/08xVOqS
2009-11-21 23:03:36,WordPress and Windows Azure    [ publisherblog.automattic.com ]      [shared by 9 people]         (So.. http://bit.ly/07Lqvc8
2009-11-21 18:34:51,How Did WordPress Defeat Joomla And Drupal As The Best Open Source CMS?    [ www.blogherald.com ]      [sh.. http://bit.ly/07u7O85
2009-11-21 13:04:12,How to Create Micro Blogs Within WordPress    [ weblogtoolscollection.com ]      [shared by 9 people]   .. http://bit.ly/08Fm41S
2009-11-21 12:34:31,12 Must have SEO Wordpress Plugins    [ www.24masti.com ]      [shared by 9 people]         (Social R.. http://bit.ly/080e1GZ
