time,tweet
2010-01-22 23:50:45,Willkommen bei  http://www.Misses-XXX.com
2010-01-28 05:58:47,was gibt es neues bei Misses-XXX? letzten Woche haben sich 100te Teeny Girls neu angemeldet und die sind versaut! http://www.misses-xxx.com
2010-02-04 12:39:15,geile neue Mäuschen und geile Muschies auf http://www.misses-xxx.com ..
2010-02-11 07:08:35,viele geile neue Sender bei http://www.misses-xxx.com rein schauen anmelden und es gibt 50 Coints GRATIS!!
2010-02-17 06:03:52,viele geile neue cam Mäuschen bei http://www.misses-xxx.com rein schauen anmelden und es gibt 50 Coints GRATIS!!
